    0.000000    0.500000    0.000000   -0.500000    0.700000
    0.100000    0.490203   -0.193209   -0.421200    0.873341
    0.200000    0.462026   -0.366429   -0.325974    1.027459
    0.300000    0.417806   -0.513069   -0.216548    1.156453
    0.400000    0.360487   -0.627577   -0.095689    1.255357
    0.500000    0.293509   -0.705650    0.033389    1.320325
    0.600000    0.220672   -0.744400    0.167155    1.348778
    0.700000    0.145989   -0.742460    0.301883    1.339506
    0.800000    0.073533   -0.700041    0.433801    1.292711
    0.900000    0.007275   -0.618920    0.559225    1.210000
    1.000000   -0.049066   -0.502371    0.674699    1.094326
    1.100000   -0.092169   -0.355046    0.777127    0.949875
    1.200000   -0.119241   -0.182791    0.863887    0.781904
    1.300000   -0.128121    0.007578    0.932926    0.596546
    1.400000   -0.117371    0.208529    0.982841    0.400572
    1.500000   -0.086327    0.412107    1.012925    0.201135
    1.600000   -0.035131    0.610239    1.023195    0.005499
    1.700000    0.035275    0.795037    1.014389   -0.179240
    1.800000    0.123183    0.959104    0.987934   -0.346423
    1.900000    0.226182    1.095819    0.945891   -0.490079
    2.000000    0.341245    1.199581    0.890873   -0.605155
    2.100000    0.464850    1.266034    0.825947   -0.687708
    2.200000    0.593106    1.292227    0.754509   -0.735052
    2.300000    0.721902    1.276732    0.680158   -0.745862
    2.400000    0.847063    1.219693    0.606555   -0.720222
    2.500000    0.964509    1.122830    0.537283   -0.659622
    2.600000    1.070405    0.989365    0.475705   -0.566900
    2.700000    1.161312    0.823908    0.424841   -0.446132
    2.800000    1.234311    0.632276    0.387245   -0.302476
    2.900000    1.287119    0.421276    0.364909   -0.141976
    3.000000    1.318170    0.198446    0.359189    0.028675
    3.100000    1.326679   -0.028236    0.370747    0.202384
    3.200000    1.312666   -0.250649    0.399528    0.371937
    3.300000    1.276957   -0.460843    0.444760    0.530269
    3.400000    1.221155   -0.651338    0.504984    0.670738
    3.500000    1.147573   -0.815410    0.578111    0.787381
    3.600000    1.059148   -0.947345    0.661495    0.875138
    3.700000    0.959328   -1.042658    0.752040    0.930049
    3.800000    0.851944   -1.098262    0.846316    0.949409
    3.900000    0.741056   -1.112583    0.940688    0.931866
    4.000000    0.630808   -1.085624    1.031457    0.877478
    4.100000    0.525260   -1.018956    1.115001    0.787712
    4.200000    0.428241   -0.915666    1.187910    0.665386
    4.300000    0.343201   -0.780231    1.247125    0.514567
    4.400000    0.273080   -0.618350    1.290043    0.340414
    4.500000    0.220192   -0.436724    1.314629    0.148983
    4.600000    0.186146   -0.242800    1.319486   -0.053003
    4.700000    0.171779   -0.044488    1.303914   -0.258408
    4.800000    0.177126    0.150148    1.267933   -0.459957
    4.900000    0.201422    0.333190    1.212290   -0.650510
    5.000000    0.243128    0.497176    1.138424   -0.823333
    5.100000    0.299995    0.635383    1.048419   -0.972356
    5.200000    0.369151    0.742083    0.944921   -1.092403
    5.300000    0.447208    0.812764    0.831043   -1.179388
    5.400000    0.530395    0.844303    0.710244   -1.230469
    5.500000    0.614705    0.835086    0.586200   -1.244157
    5.600000    0.696048    0.785069    0.462666   -1.220371
    5.700000    0.770406    0.695780    0.343334   -1.160442
    5.800000    0.833992    0.570267    0.231696   -1.067058
    5.900000    0.883396    0.412973    0.130910   -0.944164
    6.000000    0.915714    0.229576    0.043681   -0.796811
    6.100000    0.928662    0.026769   -0.027834   -0.630958
    6.200000    0.920667   -0.187997   -0.082113   -0.453250
    6.300000    0.890927   -0.406792   -0.118323   -0.270760
    6.400000    0.839444   -0.621512   -0.136347   -0.090719
    6.500000    0.767027   -0.824185   -0.136787    0.079758
    6.600000    0.675262   -1.007279   -0.120940    0.233945
    6.700000    0.566453   -1.163986   -0.090745    0.365766
    6.800000    0.443541   -1.288481   -0.048708    0.470019
    6.900000    0.309988   -1.376144    0.002199    0.542583
    7.000000    0.169652   -1.423740    0.058652    0.580570
    7.100000    0.026638   -1.429535    0.117105    0.582437
    7.200000   -0.114852   -1.393368    0.173927    0.548047
    7.300000   -0.250680   -1.316656    0.225545    0.478671
    7.400000   -0.376925   -1.202337    0.268579    0.376942
    7.500000   -0.490035   -1.054760    0.299981    0.246753
    7.600000   -0.586952   -0.879520    0.317145    0.093111
    7.700000   -0.665235   -0.683243    0.318017   -0.078057
    7.800000   -0.723144   -0.473333    0.301169   -0.260130
    7.900000   -0.759709   -0.257691    0.265862   -0.446042
    8.000000   -0.774761   -0.044415    0.212074   -0.628558
    8.100000   -0.768938    0.158513    0.140502   -0.800544
    8.200000   -0.743657    0.343526    0.052542   -0.955244
    8.300000   -0.701061    0.503765   -0.049764   -1.086535
    8.400000   -0.643930    0.633336   -0.163807   -1.189164
    8.500000   -0.575576    0.727539   -0.286499   -1.258946
    8.600000   -0.499716    0.783043   -0.414399   -1.292925
    8.700000   -0.420323    0.798013   -0.543833   -1.289489
    8.800000   -0.341478    0.772182   -0.671039   -1.248431
    8.900000   -0.267208    0.706858   -0.792302   -1.170955
    9.000000   -0.201332    0.604876   -0.904098   -1.059636
    9.100000   -0.147316    0.470485   -1.003226   -0.918318
    9.200000   -0.108135    0.309192   -1.086924   -0.751968
    9.300000   -0.086159    0.127543   -1.152979   -0.566494
    9.400000   -0.083062   -0.067122   -1.199804   -0.368510
    9.500000   -0.099756   -0.266948   -1.226499   -0.165093
    9.600000   -0.136355   -0.463874   -1.232884    0.036489
    9.700000   -0.192168   -0.649931   -1.219503    0.229055
    9.800000   -0.265726   -0.817554   -1.187602    0.405781
    9.900000   -0.354833   -0.959870   -1.139084    0.560460
   10.000000   -0.456656   -1.070958   -1.076426    0.687742
   10.100000   -0.567822   -1.146080   -1.002595    0.783328
   10.200000   -0.684556   -1.181860   -0.920923    0.844144
   10.300000   -0.802816   -1.176415   -0.834987    0.868448
   10.400000   -0.918450   -1.129426   -0.748466    0.855900
   10.500000   -1.027354   -1.042154   -0.665004    0.807573
   10.600000   -1.125627   -0.917390   -0.588066    0.725910
   10.700000   -1.209719   -0.759353   -0.520812    0.614633
   10.800000   -1.276568   -0.573527   -0.465968    0.478594
   10.900000   -1.323714   -0.366452   -0.425728    0.323594
   11.000000   -1.349393   -0.145480   -0.401666    0.156158
   11.100000   -1.352608    0.081507   -0.394678   -0.016714
   11.200000   -1.333162    0.306399   -0.404950   -0.187816
   11.300000   -1.291667    0.521162   -0.431944   -0.350012
   11.400000   -1.229523    0.718147   -0.474427   -0.496507
   11.500000   -1.148865    0.890377   -0.530514   -0.621112
   11.600000   -1.052477    1.031816   -0.597739   -0.718478
   11.700000   -0.943694    1.137597   -0.673155   -0.784300
   11.800000   -0.826267    1.204205   -0.753441   -0.815487
   11.900000   -0.704230    1.229612   -0.835035   -0.810275
   12.000000   -0.581738    1.213353   -0.914267   -0.768302
   12.100000   -0.462916    1.156542   -0.987501   -0.690617
   12.200000   -0.351697    1.061829   -1.051277   -0.579643
   12.300000   -0.251681    0.933299   -1.102440   -0.439088
   12.400000   -0.165989    0.776313   -1.138267   -0.273801
   12.500000   -0.097155    0.597306   -1.156567   -0.089590
   12.600000   -0.047022    0.403537   -1.155771    0.106998
   12.700000   -0.016680    0.202813   -1.134989    0.308928
   12.800000   -0.006423    0.003193   -1.094049    0.508945
   12.900000   -0.015738   -0.187328   -1.033504    0.699845
   13.000000   -0.043329   -0.361114   -0.954614    0.874755
   13.100000   -0.087168   -0.511189   -0.859298    1.027390
   13.200000   -0.144572   -0.631499   -0.750063    1.152295
   13.300000   -0.212309   -0.717145   -0.629913    1.245050
   13.400000   -0.286723   -0.764571   -0.502235    1.302441
   13.500000   -0.363876   -0.771698   -0.370671    1.322578
   13.600000   -0.439698   -0.738008   -0.238982    1.304971
   13.700000   -0.510148   -0.664558   -0.110908    1.250542
   13.800000   -0.571367   -0.553947    0.009972    1.161598
   13.900000   -0.619829   -0.410211    0.120378    1.041734
   14.000000   -0.652479   -0.238675    0.217444    0.895701
   14.100000   -0.666848   -0.045746    0.298834    0.729222
   14.200000   -0.661154    0.161330    0.362821    0.548775
   14.300000   -0.634370    0.374744    0.408355    0.361343
   14.400000   -0.586263    0.586419    0.435097    0.174151
   14.500000   -0.517412    0.788324    0.443433   -0.005613
   14.600000   -0.429182    0.972775    0.434453   -0.171072
   14.700000   -0.323676    1.132732    0.409908   -0.315918
   14.800000   -0.203659    1.262062    0.372142   -0.434659
   14.900000   -0.072454    1.355780    0.323998   -0.522823
   15.000000    0.066184    1.410234    0.268709   -0.577134
   15.100000    0.208207    1.423247    0.209769   -0.595630
   15.200000    0.349427    1.394199    0.150800   -0.577744
   15.300000    0.485673    1.324052    0.095409   -0.524323
   15.400000    0.612947    1.215312    0.047049   -0.437592
   15.500000    0.727577    1.071937    0.008887   -0.321075
   15.600000    0.826352    0.899181   -0.016326   -0.179454
   15.700000    0.906643    0.703399   -0.026354   -0.018397
   15.800000    0.966502    0.491802   -0.019570    0.155666
   15.900000    1.004735    0.272186    0.004982    0.335785
   16.000000    1.020941    0.052629    0.047549    0.514755
   16.100000    1.015532   -0.158812    0.107655    0.685396
   16.200000    0.989708   -0.354406    0.184120    0.840820
   16.300000    0.945418   -0.527048    0.275099    0.974702
   16.400000    0.885274   -0.670525    0.378156    1.081518
   16.500000    0.812458   -0.779755    0.490347    1.156757
   16.600000    0.730594   -0.850977    0.608340    1.197095
   16.700000    0.643610   -0.881897    0.728532    1.200521
   16.800000    0.555587   -0.871773    0.847189    1.166416
   16.900000    0.470600   -0.821442    0.960587    1.095578
   17.000000    0.392563   -0.733288    1.065149    0.990190
   17.100000    0.325079   -0.611152    1.157586    0.853741
   17.200000    0.271297   -0.460179    1.235015    0.690891
   17.300000    0.233798   -0.286627    1.295070    0.507295
   17.400000    0.214489   -0.097626    1.335995    0.309391
   17.500000    0.214532    0.099099    1.356703    0.104151
   17.600000    0.234299    0.295520    1.356822   -0.101181
   17.700000    0.273358    0.483612    1.336705   -0.299364
   17.800000    0.330486    0.655664    1.297420   -0.483436
   17.900000    0.403717    0.804573    1.240704   -0.646979
   18.000000    0.490418    0.924114    1.168899   -0.784363
   18.100000    0.587387    1.009180    1.084861   -0.890957
   18.200000    0.690975    1.055978    0.991852   -0.963307
   18.300000    0.797225    1.062174    0.893416   -0.999265
   18.400000    0.902026    1.026983    0.793242   -0.998071
   18.500000    1.001264    0.951203    0.695023   -0.960382
   18.600000    1.090987    0.837180    0.602317   -0.888242
   18.700000    1.167549    0.688724    0.518414   -0.785006
   18.800000    1.227752    0.510963    0.446205   -0.655211
   18.900000    1.268970    0.310149    0.388075   -0.504397
   19.000000    1.289249    0.093419    0.345816   -0.338904
   19.100000    1.287381   -0.131474    0.320555   -0.165619
   19.200000    1.262951   -0.356457    0.312714    0.008283
   19.300000    1.216356   -0.573444    0.321992    0.175612
   19.400000    1.148790   -0.774644    0.347385    0.329443
   19.500000    1.062196   -0.952857    0.387216    0.463376
   19.600000    0.959199   -1.101746    0.439207    0.571788
   19.700000    0.843002   -1.216080    0.500565    0.650040
   19.800000    0.717269   -1.291933    0.568091    0.694663
   19.900000    0.585985   -1.326832    0.638301    0.703485
   20.000000    0.453303   -1.319848    0.707564    0.675717
   20.100000    0.323394   -1.271636    0.772242    0.611988
   20.200000    0.200281   -1.184406    0.828826    0.514314
   20.300000    0.087694   -1.061838    0.874080    0.386027
   20.400000   -0.011072   -0.908941    0.905159    0.231648
   20.500000   -0.093285   -0.731863    0.919722    0.056716
   20.600000   -0.156872   -0.537654    0.916027   -0.132426
   20.700000   -0.200500   -0.333996    0.892993   -0.328868
   20.800000   -0.223623   -0.128913    0.850249   -0.525401
   20.900000   -0.226503    0.069541    0.788151   -0.714786
   21.000000   -0.210196    0.253584    0.707764   -0.890034
   21.100000   -0.176509    0.416008    0.610833   -1.044670
   21.200000   -0.127930    0.550450    0.499710   -1.172979
   21.300000   -0.067531    0.651640    0.377276   -1.270225
   21.400000    0.001153    0.715597    0.246823   -1.332834
   21.500000    0.074259    0.739787    0.111943   -1.358524
   21.600000    0.147747    0.723213   -0.023617   -1.346396
   21.700000    0.217558    0.666459   -0.156089   -1.296967
   21.800000    0.279767    0.571665   -0.281827   -1.212152
   21.900000    0.330739    0.442447   -0.397444   -1.095186
   22.000000    0.367270    0.283754   -0.499937   -0.950506
   22.100000    0.386708    0.101689   -0.586801   -0.783581
   22.200000    0.387060   -0.096734   -0.656120   -0.600700
   22.300000    0.367070   -0.303851   -0.706637   -0.408734
   22.400000    0.326267   -0.511645   -0.737803   -0.214875
   22.500000    0.264988   -0.712049   -0.749791   -0.026364
   22.600000    0.184365   -0.897254   -0.743488    0.149793
   22.700000    0.086287   -1.060010   -0.720463    0.307082
   22.800000   -0.026672   -1.193899   -0.682896    0.439734
   22.900000   -0.151349   -1.293585   -0.633500    0.542948
   23.000000   -0.284110   -1.355014   -0.575413    0.613065
   23.100000   -0.420985   -1.375569   -0.512073    0.647716
   23.200000   -0.557821   -1.354175   -0.447089    0.645905
   23.300000   -0.690434   -1.291334   -0.384097    0.608050
   23.400000   -0.814771   -1.189113   -0.326623    0.535967
   23.500000   -0.927059   -1.051059   -0.277944    0.432795
   23.600000   -1.023948   -0.882071   -0.240959    0.302884
   23.700000   -1.102641   -0.688210   -0.218081    0.151619
   23.800000   -1.160992   -0.476468   -0.211141   -0.014780
   23.900000   -1.197592   -0.254505   -0.221316   -0.189497
   24.000000   -1.211820   -0.030355   -0.249081   -0.365385
   24.100000   -1.203861    0.187880   -0.294191   -0.535234
   24.200000   -1.174704    0.392335   -0.355692   -0.692049
   24.300000   -1.126099    0.575683   -0.431948   -0.829320
   24.400000   -1.060491    0.731416   -0.520709   -0.941269
   24.500000   -0.980921    0.854088   -0.619194   -1.023073
   24.600000   -0.890918    0.939525   -0.724193   -1.071045
   24.700000   -0.794353    0.984982   -0.832191   -1.082782
   24.800000   -0.695299    0.989248   -0.939503   -1.057253
   24.900000   -0.597869    0.952687   -1.042409   -0.994841
   25.000000   -0.506062    0.877231   -1.137298   -0.897331
   25.100000   -0.423609    0.766296   -1.220805   -0.767839
   25.200000   -0.353830    0.624658   -1.289941   -0.610699
   25.300000   -0.299506    0.458265   -1.342200   -0.431296
   25.400000   -0.262774    0.274015   -1.375663   -0.235861
   25.500000   -0.245047    0.079483   -1.389065   -0.031237
   25.600000   -0.246956   -0.117362   -1.381844    0.175382
   25.700000   -0.268328   -0.308462   -1.354164    0.376725
   25.800000   -0.308195   -0.485985   -1.306911    0.565719
   25.900000   -0.364827   -0.642616   -1.241654    0.735759
   26.000000   -0.435802   -0.771844   -1.160590    0.880957
   26.100000   -0.518097   -0.868209   -1.066459    0.996367
   26.200000   -0.608204   -0.927509   -0.962440    1.078173
   26.300000   -0.702266   -0.946965   -0.852032    1.123833
   26.400000   -0.796223   -0.925326   -0.738921    1.132171
   26.500000   -0.885968   -0.862919   -0.626838    1.103428
   26.600000   -0.967507   -0.761635   -0.519421    1.039247
   26.700000   -1.037108   -0.624859   -0.420074    0.942609
   26.800000   -1.091450   -0.457345   -0.331844    0.817722
   26.900000   -1.127747   -0.265028   -0.257299    0.669854
   27.000000   -1.143857   -0.054809   -0.198437    0.505136
   27.100000   -1.138364    0.165719   -0.156609    0.330325
   27.200000   -1.110636    0.388552   -0.132471    0.152547
   27.300000   -1.060847    0.605580   -0.125958   -0.020980
   27.400000   -0.989977    0.808900   -0.136290   -0.183216
   27.500000   -0.899773    0.991114   -0.162004   -0.327574
   27.600000   -0.792681    1.145609   -0.201010   -0.448168
   27.700000   -0.671764    1.266811   -0.250677   -0.540041
   27.800000   -0.540577    1.350397   -0.307930   -0.599353
   27.900000   -0.403039    1.393459   -0.369373   -0.623528
   28.000000   -0.263286    1.394613   -0.431420   -0.611355
   28.100000   -0.125512    1.354053   -0.490435   -0.563033
   28.200000    0.006189    1.273543   -0.542871   -0.480163
   28.300000    0.127970    1.156348   -0.585411   -0.365690
   28.400000    0.236386    1.007110   -0.615092   -0.223790
   28.500000    0.328516    0.831672   -0.629426   -0.059708
   28.600000    0.402073    0.636852   -0.626496    0.120436
   28.700000    0.455490    0.430184   -0.605028    0.309884
   28.800000    0.487979    0.219630   -0.564446    0.501498
   28.900000    0.499556    0.013279   -0.504897    0.688030
   29.000000    0.491039   -0.180966   -0.427246    0.862399
   29.100000    0.464015   -0.355689   -0.333046    1.017963
   29.200000    0.420776   -0.504239   -0.224481    1.148767
   29.300000    0.364231   -0.620990   -0.104288    1.249780
   29.400000    0.297788   -0.701552    0.024347    1.317075
   29.500000    0.225230   -0.742939    0.157910    1.347988
   29.600000    0.150560   -0.743683    0.292685    1.341216
   29.700000    0.077849   -0.703890    0.424897    1.296868
   29.800000    0.011081   -0.625235    0.550853    1.216460
   29.900000   -0.046004   -0.510898    0.667079    1.102859
   30.000000   -0.090057   -0.365442    0.770452    0.960174
   30.100000   -0.118245   -0.194642    0.858314    0.793596
   30.200000   -0.128364   -0.005257    0.928575    0.609206
   30.300000   -0.118925    0.195221    0.979785    0.413741
   30.400000   -0.089213    0.398857    1.011191    0.214335
   30.500000   -0.039318    0.597575    1.022763    0.018254
   30.600000    0.029873    0.783468    1.015191   -0.167389
   30.700000    0.116699    0.949100    0.989858   -0.335897
   30.800000    0.218792    1.087787    0.948785   -0.481248
   30.900000    0.333166    1.193859    0.894553   -0.598324
   31.000000    0.456325    1.262870    0.830201   -0.683102
   31.100000    0.584399    1.291775    0.759106   -0.732811
   31.200000    0.713288    1.279040    0.684858   -0.746035
   31.300000    0.838816    1.224709    0.611119   -0.722764
   31.400000    0.956893    1.130397    0.541479   -0.664398
   31.500000    1.063663    0.999231    0.479321   -0.573686
   31.600000    1.155658    0.835733    0.427690   -0.454629
   31.700000    1.229920    0.645647    0.389173   -0.312318
   31.800000    1.284123    0.435721    0.365804   -0.152743
   31.900000    1.316652    0.213453    0.358980    0.017436
   32.000000    1.326667   -0.013200    0.369410    0.191147
   32.100000    1.314136   -0.236117    0.397087    0.361174
   32.200000    1.279834   -0.447329    0.441285    0.520437
   32.300000    1.225313   -0.639317    0.500591    0.662258
   32.400000    1.152840   -0.805298    0.572953    0.780621
   32.500000    1.065316   -0.939488    0.655760    0.870403
   32.600000    0.966158   -1.037314    0.745943    0.927567
   32.700000    0.859175   -1.095592    0.840089    0.949319
   32.800000    0.748418   -1.112649    0.934574    0.934219
   32.900000    0.638027   -1.088381    1.025699    0.882230
   33.000000    0.532075   -1.024259    1.109833    0.794727
   33.100000    0.434409   -0.923271    1.183548    0.674443
   33.200000    0.348507   -0.789807    1.243758    0.525365
   33.300000    0.277345   -0.629492    1.287829    0.352586
   33.400000    0.223285   -0.448968    1.313683    0.162109
   33.500000    0.187980   -0.255640    1.319882   -0.039380
   33.600000    0.172321   -0.057394    1.305677   -0.244765
   33.700000    0.176397    0.137704    1.271041   -0.446773
   33.800000    0.199492    0.321720    1.216674   -0.638246
   33.900000    0.240120    0.487154    1.143970   -0.812417
   34.000000    0.296075    0.627225    1.054973   -0.963166
   34.100000    0.364523    0.736135    0.952295   -1.085252
   34.200000    0.442106    0.809286    0.839020   -1.174511
   34.300000    0.525077    0.843460    0.718589   -1.228017
   34.400000    0.609438    0.836939    0.594665   -1.244189
   34.500000    0.691099    0.789577    0.471005   -1.222853
   34.600000    0.766035    0.702801    0.351308   -1.165248
   34.700000    0.830439    0.579558    0.239081   -1.073976
   34.800000    0.880873    0.424205    0.137509   -0.952901
   34.900000    0.914394    0.242345    0.049331   -0.807007
   35.000000    0.928677    0.040610   -0.023260   -0.642200
   35.100000    0.922098   -0.173592   -0.078697   -0.465085
   35.200000    0.893805   -0.392352   -0.116101   -0.282715
   35.300000    0.843746   -0.607571   -0.135306   -0.102319
   35.400000    0.772676   -0.811259   -0.136869    0.068973
   35.500000    0.682132   -0.995847   -0.122041    0.224403
   35.600000    0.574375   -1.154471   -0.092723    0.357845
   35.700000    0.452303   -1.281235   -0.051383    0.464033
   35.800000    0.319350   -1.371436   -0.000968    0.538770
   35.900000    0.179350   -1.421740    0.055220    0.579084
   36.000000    0.036397   -1.430315    0.113643    0.583342
   36.100000   -0.105309   -1.396895    0.170674    0.551311
   36.200000   -0.241622   -1.322793    0.222731    0.484172
   36.300000   -0.368602   -1.210850    0.266420    0.384470
   36.400000   -0.482668   -1.065326    0.298664    0.256020
   36.500000   -0.580729   -0.891739    0.316827    0.103759
   36.600000   -0.660297   -0.696654    0.318815   -0.066441
   36.700000   -0.719586   -0.487432    0.303159   -0.247996
   36.800000   -0.757574   -0.271949    0.269072   -0.433863
   36.900000   -0.774037   -0.058299    0.216483   -0.616811
   37.000000   -0.769562    0.145521    0.146046   -0.789690
   37.100000   -0.745516    0.331907    0.059109   -0.945713
   37.200000   -0.703994    0.493947   -0.042327   -1.078709
   37.300000   -0.647740    0.625676   -0.155686   -1.183360
   37.400000   -0.580032    0.722310   -0.277909   -1.255407
   37.500000   -0.504566    0.780424   -0.405575   -1.291809
   37.600000   -0.425300    0.798082   -0.535022   -1.290863
   37.700000   -0.346314    0.774912   -0.662489   -1.252269
   37.800000   -0.271643    0.712120   -0.784254   -1.177139
   37.900000   -0.205124    0.612443   -0.896778   -1.067960
   38.000000   -0.150249    0.480041   -0.996834   -0.928494
   38.100000   -0.110029    0.320342   -1.081628   -0.763643
   38.200000   -0.086877    0.139832   -1.148909   -0.579254
   38.300000   -0.082515   -0.054194   -1.197045   -0.381905
   38.400000   -0.097906   -0.253908   -1.225092   -0.178649
   38.500000   -0.133218   -0.451252   -1.232820    0.023252
   38.600000   -0.187811   -0.638245   -1.220727    0.216603
   38.700000   -0.260267   -0.807285   -1.190014    0.394549
   38.800000   -0.348437   -0.951446   -1.142541    0.550836
   38.900000   -0.449524   -1.064738   -1.080752    0.680050
   39.000000   -0.560191   -1.142340   -1.007582    0.777820
   39.100000   -0.676683   -1.180781   -0.926345    0.840986
   39.200000   -0.794972   -1.178077   -0.840604    0.867716
   39.300000   -0.910908   -1.133807   -0.754035    0.857578
   39.400000   -1.020382   -1.049126   -0.670288    0.811551
   39.500000   -1.119472   -0.926729   -0.592846    0.731992
   39.600000   -1.204604   -0.770744   -0.524890    0.622540
   39.700000   -1.272678   -0.586575   -0.469178    0.487979
   39.800000   -1.321193   -0.380702   -0.427942    0.334052
   39.900000   -1.348337   -0.160431   -0.402799    0.167244
   40.000000   -1.353060    0.066386   -0.394691   -0.005470
   40.100000   -1.335112    0.291643   -0.403850   -0.176888
   40.200000   -1.295052    0.507292   -0.429787   -0.339863
   40.300000   -1.234231    0.705651   -0.471312   -0.487570
   40.400000   -1.154735    0.879692   -0.526582   -0.613774
   40.500000   -1.059310    1.023309   -0.593167   -0.713063
   40.600000   -0.951256    1.131553   -0.668148   -0.781059
   40.700000   -0.834302    1.200815   -0.748226   -0.814587
   40.800000   -0.712467    1.228968   -0.829851   -0.811795
   40.900000   -0.589902    1.215440   -0.909356   -0.772224
   41.000000   -0.470739    1.161244   -0.983098   -0.696834
   41.100000   -0.358928    1.068931   -1.047602   -0.587958
   41.200000   -0.258094    0.942494   -1.099691   -0.449223
   41.300000   -0.171394    0.787217   -1.136608   -0.285408
   41.400000   -0.101402    0.609470   -1.156126   -0.102263
   41.500000   -0.050011    0.416464   -1.156631    0.093707
   41.600000   -0.018360    0.215980   -1.137189    0.295492
   41.700000   -0.006796    0.016066   -1.097580    0.495842
   41.800000   -0.014860   -0.175266   -1.038310    0.687544
   41.900000   -0.041306   -0.350351   -0.960591    0.863694
   42.000000   -0.084152   -0.502162   -0.866302    1.017964
   42.100000   -0.140756   -0.624576   -0.757914    1.144835
   42.200000   -0.207918   -0.712613   -0.638401    1.239817
   42.300000   -0.282007   -0.762624   -0.511128    1.299609
   42.400000   -0.359099   -0.772430   -0.379722    1.322234
   42.500000   -0.435128   -0.741408   -0.247943    1.307108
   42.600000   -0.506047   -0.670514   -0.119535    1.255060
   42.700000   -0.567981   -0.562246    0.001909    1.168309
   42.800000   -0.617378   -0.420549    0.113083    1.050367
   42.900000   -0.651148   -0.250670    0.211095    0.905914
   43.000000   -0.666781   -0.058948    0.293569    0.740615
   43.100000   -0.662447    0.147415    0.358736    0.560904
   43.200000   -0.637068    0.360641    0.405500    0.373740
   43.300000   -0.590359    0.572663    0.433476    0.186337
   43.400000   -0.522844    0.775436    0.443000    0.005895
   43.500000   -0.435838    0.961248    0.435118   -0.160681
   43.600000   -0.331399    1.123005    0.411540   -0.307040
   43.700000   -0.212249    1.254510    0.374572   -0.427628
   43.800000   -0.081677    1.350696    0.327028   -0.517903
   43.900000    0.056584    1.407818    0.272117   -0.574505
   44.000000    0.198504    1.423600    0.213321   -0.595383
   44.100000    0.339898    1.397317    0.154257   -0.579878
   44.200000    0.476589    1.329829    0.098537   -0.528741
   44.300000    0.604566    1.223541    0.049629   -0.444112
   44.400000    0.720129    1.082318    0.010720   -0.329430
   44.500000    0.820034    0.911336   -0.015406   -0.189308
   44.600000    0.901611    0.716883   -0.026478   -0.029353
   44.700000    0.962865    0.506121   -0.020827    0.144049
   44.800000    1.002550    0.286815    0.002550    0.323975
   44.900000    1.020212    0.067033    0.043946    0.503228
   45.000000    1.016210   -0.145157    0.102933    0.674619
   45.100000    0.991694   -0.341995    0.178376    0.831234
   45.200000    0.948563   -0.516327    0.268473    0.966703
   45.300000    0.889391   -0.661874    0.370823    1.075443
   45.400000    0.817323   -0.773474    0.482515    1.152872
   45.500000    0.735960   -0.847275    0.600237    1.195582
   45.600000    0.649212   -0.880883    0.720401    1.201475
   45.700000    0.561155   -0.873451    0.839277    1.169838
   45.800000    0.475870   -0.825713    0.953137    1.101376
   45.900000    0.397284   -0.739955    1.058391    0.998183
   46.000000    0.329025   -0.619922    1.151726    0.863664
   46.100000    0.274277   -0.470682    1.230229    0.702407
   46.200000    0.235659   -0.298424    1.291500    0.520008
   46.300000    0.215125   -0.110228    1.333738    0.322859
   46.400000    0.213889    0.086212    1.355811    0.117904
   46.500000    0.232376    0.282879    1.357299   -0.087623
   46.600000    0.270205    0.471740    1.338509   -0.286473
   46.700000    0.326204    0.645055    1.300461   -0.471659
   46.800000    0.398457    0.795672    1.244850   -0.636719
   46.900000    0.484370    0.917302    1.173980   -0.775965
   47.000000    0.580775    1.004759    1.090677   -0.884696
   47.100000    0.684049    1.054157    0.998179   -0.959374
   47.200000    0.790253    1.063065    0.900015   -0.997765
   47.300000    0.895279    1.030593    0.799868   -0.999015
   47.400000    0.995011    0.957436    0.701436   -0.963687
   47.500000    1.085480    0.845838    0.608289   -0.893737
   47.600000    1.163017    0.699519    0.523737   -0.792436
   47.700000    1.224391    0.523522    0.450701   -0.664246
   47.800000    1.266936    0.324033    0.391604   -0.514650
   47.900000    1.288649    0.108138    0.348277   -0.349939
   48.000000    1.288272   -0.116442    0.321892   -0.176971
   48.100000    1.265339   -0.341648    0.312919   -0.002912
   48.200000    1.220192   -0.559387    0.321106    0.165043
   48.300000    1.153972   -0.761838    0.345492    0.319944
   48.400000    1.068578   -0.941754    0.384443    0.455350
   48.500000    0.966589   -1.092736    0.435720    0.565578
   48.600000    0.851175   -1.209473    0.496560    0.645921
   48.700000    0.725973   -1.287949    0.563786    0.692828
   48.800000    0.594951   -1.325591    0.633932    0.704039
   48.900000    0.462255   -1.321368    0.703371    0.678673
   49.000000    0.332058   -1.275831    0.768461    0.617265
   49.100000    0.208400   -1.191087    0.825683    0.521740
   49.200000    0.095032   -1.070725    0.871777    0.395349
   49.300000   -0.004719   -0.919670    0.903869    0.242539
   49.400000   -0.088078   -0.744002    0.919584    0.068785
   49.500000   -0.152930   -0.550718    0.917136   -0.119615
   49.600000   -0.197888   -0.347467    0.895401   -0.315782
   49.700000   -0.222357   -0.142257    0.853960   -0.512518
   49.800000   -0.226544    0.056848    0.793120   -0.702580
   49.900000   -0.211452    0.242042    0.713901   -0.878952
   50.000000   -0.178843    0.406070    0.618005   -1.035120
   50.100000   -0.131161    0.542507    0.507746   -1.165312
   50.200000   -0.071443    0.646005    0.385971   -1.264724
   50.300000   -0.003197    0.712495    0.255952   -1.329698
   50.400000    0.069731    0.739341    0.121262   -1.357866
   50.500000    0.143309    0.725445   -0.014357   -1.348235
   50.600000    0.213473    0.671287   -0.147135   -1.301231
   50.700000    0.276288    0.578906   -0.273415   -1.218676
   50.800000    0.328094    0.451823   -0.389787   -1.103723
   50.900000    0.365654    0.294906   -0.493221   -0.960733
   51.000000    0.386279    0.114187   -0.581177   -0.795112
   51.100000    0.387928   -0.083373   -0.651696   -0.613102
   51.200000    0.369295   -0.290146   -0.703477   -0.421543
   51.300000    0.329858   -0.498127   -0.735925   -0.227614
   51.400000    0.269899   -0.699245   -0.749163   -0.038558
   51.500000    0.190500   -0.885666   -0.744034    0.138593
   51.600000    0.093501   -1.050094   -0.722061    0.297286
   51.700000   -0.018567   -1.186051   -0.685389    0.431700
   51.800000   -0.142576   -1.288122   -0.636696    0.536960
   51.900000   -0.274920   -1.352164   -0.579096    0.609330
   52.000000   -0.411647   -1.375463   -0.516012    0.646353
   52.100000   -0.548611   -1.356838   -0.451044    0.646940
   52.200000   -0.681626   -1.296691   -0.387832    0.611417
   52.300000   -0.806626   -1.196983   -0.329911    0.541508
   52.400000   -0.919815   -1.061171   -0.280578    0.440269
   52.500000   -1.017814   -0.894067   -0.242762    0.311973
   52.600000   -1.097782   -0.701662   -0.218910    0.161944
   52.700000   -1.157532   -0.490894   -0.210894   -0.003647
   52.800000   -1.195602   -0.269387   -0.219934   -0.178018
   52.900000   -1.211318   -0.045158   -0.246553   -0.354034
   53.000000   -1.204813    0.173686   -0.290555   -0.524483
   53.100000   -1.177024    0.379256   -0.351029   -0.682347
   53.200000   -1.129652    0.564182   -0.426385   -0.821078
   53.300000   -1.065097    0.721894   -0.514410   -0.934843
   53.400000   -0.986367    0.846871   -0.612355   -1.018749
   53.500000   -0.896960    0.934850   -0.717036   -1.069032
   53.600000   -0.800730    0.982988   -0.824954   -1.083201
   53.700000   -0.701739    0.989970   -0.932431   -1.060132
   53.800000   -0.604103    0.956059   -1.035745   -1.000115
   53.900000   -0.511833    0.883083   -1.131275   -0.904844
   54.000000   -0.428682    0.774364   -1.215637   -0.777351
   54.100000   -0.357999    0.634592   -1.285810   -0.621892
   54.200000   -0.302606    0.469647   -1.339258   -0.443790
   54.300000   -0.264683    0.286367   -1.374017   -0.249225
   54.400000   -0.245694    0.092293   -1.388779   -0.045008
   54.500000   -0.246320   -0.104623   -1.382936    0.161683
   54.600000   -0.266444   -0.296323   -1.356603    0.363575
   54.700000   -0.305148   -0.474949   -1.310618    0.553573
   54.800000   -0.360751   -0.633145   -1.246508    0.725035
   54.900000   -0.430875   -0.764340   -1.166429    0.872019
   55.000000   -0.512532   -0.862998   -1.073090    0.989512
   55.100000   -0.602243   -0.924829   -0.969643    1.073618
   55.200000   -0.696170   -0.946958   -0.859570    1.121708
   55.300000   -0.790262   -0.928030   -0.746548    1.132515
   55.400000   -0.880410   -0.868268   -0.634309    1.106186
   55.500000   -0.962609   -0.769461   -0.526501    1.044272
   55.600000   -1.033107   -0.634900   -0.426548    0.949671
   55.700000   -1.088550   -0.469252   -0.337522    0.826511
   55.800000   -1.126113   -0.278382   -0.262027    0.679998
   55.900000   -1.143611   -0.069132   -0.202100    0.516211
   56.000000   -1.139577    0.150942   -0.159138    0.341875
   56.100000   -1.113327    0.373853   -0.133841    0.164095
   56.200000   -1.064983    0.591492   -0.126193   -0.009905
   56.300000   -0.995470    0.795932   -0.135460   -0.173068
   56.400000   -0.906486    0.979734   -0.160223   -0.318770
   56.500000   -0.800436    1.136227   -0.198432   -0.441072
   56.600000   -0.680342    1.259761   -0.247487   -0.534949
   56.700000   -0.549733    1.345926   -0.304340   -0.596485
   56.800000   -0.412507    1.391717   -0.365613   -0.623015
   56.900000   -0.272789    1.395648   -0.427729   -0.613239
   57.000000   -0.134774    1.357808   -0.487050   -0.567260
   57.100000   -0.002569    1.279858   -0.540021   -0.486590
   57.200000    0.119962    1.164970   -0.583304   -0.374088
   57.300000    0.229342    1.017697   -0.613911   -0.233850
   57.400000    0.322611    0.843810   -0.629319   -0.071060
   57.500000    0.397440    0.650069   -0.627571    0.108216
   57.600000    0.452212    0.443968   -0.607349    0.297255
   57.700000    0.486085    0.233452   -0.568031    0.488935
   57.800000    0.499024    0.026607   -0.509716    0.676009
   57.900000    0.491794   -0.168642   -0.433220    0.851377
   58.000000    0.465933   -0.344838   -0.340055    1.008360
   58.100000    0.423688   -0.495273   -0.232364    1.140953
   58.200000    0.367930   -0.614248   -0.112850    1.244056
   58.300000    0.302040   -0.697285    0.015328    1.313666
   58.400000    0.229778   -0.741302    0.148672    1.347032
   58.500000    0.155137   -0.744730    0.283476    1.342761
   58.600000    0.082189   -0.707570    0.415966    1.300867
   58.700000    0.014927   -0.631395    0.542439    1.222774
   58.800000   -0.042888   -0.519288    0.659403    1.111264
   58.900000   -0.087878   -0.375727    0.763709    0.970366
   59.000000   -0.117172   -0.206410    0.852665    0.805206
   59.100000   -0.128522   -0.018041    0.924140    0.621814
   59.200000   -0.120392    0.181929    0.976642    0.426888
   59.300000   -0.092013    0.385587    1.009370    0.227546
   59.400000   -0.043421    0.584858    1.022246    0.031051
   59.500000    0.024547    0.771814    1.015913   -0.155466
   59.600000    0.110281    0.938979    0.991711   -0.325272
   59.700000    0.211456    1.079615    0.951620   -0.472296
   59.800000    0.325125    1.187976    0.898187   -0.591353
   59.900000    0.447821    1.259532    0.834422   -0.678344
   60.000000    0.575696    1.291141    0.763685   -0.730413
   60.100000    0.704659    1.281167    0.689557   -0.746050
   60.200000    0.830537    1.229550    0.615697   -0.725154
   60.300000    0.949227    1.137802    0.545705   -0.669032
   60.400000    1.056856    1.008954    0.482980   -0.580348
   60.500000    1.149925    0.847439    0.430593   -0.463023
   60.600000    1.225441    0.658928    0.391165   -0.322081
   60.700000    1.281031    0.450109    0.366768   -0.163462
   60.800000    1.315033    0.228438    0.358843    0.006215
   60.900000    1.326554    0.001850    0.368146    0.179896
   61.000000    1.315509   -0.221537    0.394715    0.350367
   61.100000    1.282620   -0.433734    0.437875    0.510531
   61.200000    1.229389   -0.627185    0.496253    0.653677
   61.300000    1.158039   -0.795051    0.567839    0.773739
   61.400000    1.071430   -0.931474    0.650056    0.865528
   61.500000    0.972951   -1.031798    0.739861    0.924931
   61.600000    0.866387   -1.092744    0.833863    0.949070
   61.700000    0.755778   -1.112535    0.928445    0.936411
   61.800000    0.645263   -1.090964    1.019910    0.886827
   61.900000    0.538923   -1.029400    1.104618    0.801599
   62.000000    0.440624   -0.930732    1.179126    0.683373
   62.100000    0.353873   -0.799264    1.240320    0.536059
   62.200000    0.281683   -0.640544    1.285533    0.364680
   62.300000    0.226456   -0.461153    1.312650    0.175186
   62.400000    0.189898   -0.268454    1.320187   -0.025776
   62.500000    0.172948   -0.070311    1.307348   -0.231110
   62.600000    0.175748    0.125215    1.274061   -0.433544
   62.700000    0.197638    0.310172    1.220976   -0.625908
   62.800000    0.237178    0.477024    1.149443   -0.801401
   62.900000    0.292209    0.618935    1.061466   -0.953852
   63.000000    0.359934    0.730034    0.959620   -1.077958
   63.100000    0.437029    0.805640    0.846963   -1.169478
   63.200000    0.519765    0.842440    0.726915   -1.225402
   63.300000    0.604158    0.838615    0.603129   -1.244057
   63.400000    0.686121    0.793915    0.479359   -1.225177
   63.500000    0.761619    0.709662    0.359311   -1.169907
   63.600000    0.826826    0.588708    0.246510   -1.080762
   63.700000    0.878275    0.435321    0.144165   -0.961528
   63.800000    0.912990    0.255026    0.055047   -0.817118
   63.900000    0.928600    0.054394   -0.018612   -0.653385
   64.000000    0.923435   -0.159208   -0.075203   -0.476894
   64.100000    0.896588   -0.377900   -0.113799   -0.294676
   64.200000    0.847955   -0.593582   -0.134188   -0.113956
   64.300000    0.778239   -0.798252   -0.136879    0.058122
   64.400000    0.688926   -0.984304   -0.123080    0.214769
   64.500000    0.582232   -1.144819   -0.094648    0.349808
   64.600000    0.461016   -1.273832   -0.054019    0.457913
   64.700000    0.328679   -1.366554   -0.004109    0.534810
   64.800000    0.189033   -1.419559    0.051798    0.577443
   64.900000    0.046159   -1.430912    0.110177    0.584089
   65.000000   -0.095745   -1.400244    0.167401    0.554422
   65.100000   -0.232525   -1.328763    0.219883    0.489531
   65.200000   -0.360224   -1.219214    0.264212    0.391873
   65.300000   -0.475234   -1.075766    0.297287    0.265182
   65.400000   -0.574426   -0.903861    0.316440    0.114327
   65.500000   -0.655271   -0.710000    0.319538   -0.054875
   65.600000   -0.715936   -0.501500    0.305069   -0.235882
   65.700000   -0.755344   -0.286211    0.272201   -0.421673
   65.800000   -0.773221   -0.072221    0.220816   -0.605021
   65.900000   -0.770099    0.132457    0.151518   -0.778764
   66.000000   -0.747296    0.320186    0.065612   -0.936084
   66.100000   -0.706861    0.484000   -0.034942   -1.070760
   66.200000   -0.651497    0.617866   -0.147603   -1.177414
   66.300000   -0.584452    0.716916   -0.269343   -1.251712
   66.400000   -0.509396    0.777630   -0.396760   -1.290530
   66.500000   -0.430276    0.797973   -0.526203   -1.292073
   66.600000   -0.351167    0.777470   -0.653915   -1.255947
   66.700000   -0.276111    0.717222   -0.776167   -1.183173
   66.800000   -0.208964    0.619867   -0.889404   -1.076149
   66.900000   -0.153243    0.489476   -0.990374   -0.938558
   67.000000   -0.111995    0.331400   -1.076255   -0.775229
   67.100000   -0.087674    0.152060   -1.144753   -0.591956
   67.200000   -0.082052   -0.041294   -1.194197   -0.395272
   67.300000   -0.096141   -0.240861   -1.223594   -0.192207
   67.400000   -0.130163   -0.438589   -1.232667    0.009981
   67.500000   -0.183531   -0.626483   -1.221868    0.204087
   67.600000   -0.254876   -0.796910   -1.192350    0.383225
   67.700000   -0.342096   -0.942889   -1.145933    0.541096
   67.800000   -0.442434   -1.058364   -1.085025    0.672223
   67.900000   -0.552585   -1.138430   -1.012531    0.772163
   68.000000   -0.668817   -1.179523   -0.931744    0.837670
   68.100000   -0.787117   -1.179559   -0.846213    0.866824
   68.200000   -0.903338   -1.138011   -0.759612    0.859100
   68.300000   -1.013363   -1.055933   -0.675597    0.815383
   68.400000   -1.113256   -0.935920   -0.597663    0.737943
   68.500000   -1.199414   -0.782009   -0.529017    0.630336
   68.600000   -1.268702   -0.599527   -0.472448    0.497277
   68.700000   -1.318578   -0.394887   -0.430223    0.344451
   68.800000   -1.347181   -0.175349   -0.404003    0.178301
   68.900000   -1.353411    0.051261   -0.394776    0.005778
   69.000000   -1.336963    0.276847   -0.402821   -0.165926
   69.100000   -1.298345    0.493349   -0.427695   -0.329650
   69.200000   -1.238854    0.693052   -0.468255   -0.478542
   69.300000   -1.160532    0.868876   -0.522698   -0.606321
   69.400000   -1.066084    1.014650   -0.588630   -0.707513
   69.500000   -0.958775    1.125340   -0.663163   -0.777670
   69.600000   -0.842312    1.197247   -0.743018   -0.813531
   69.700000   -0.720697    1.228141   -0.824657   -0.813154
   69.800000   -0.598078    1.217349   -0.904418   -0.775991
   69.900000   -0.478591    1.165779   -0.978654   -0.702904
   70.000000   -0.366204    1.075882   -1.043873   -0.596142
   70.100000   -0.264566    0.951562   -1.096875   -0.459247
   70.200000   -0.176869    0.798021   -1.134872   -0.296928
   70.300000   -0.105728    0.621563   -1.155600   -0.114878
   70.400000   -0.053083    0.429355   -1.157403    0.080443
   70.500000   -0.020125    0.229145   -1.139301    0.282051
   70.600000   -0.007253    0.028974   -1.101025    0.482703
   70.700000   -0.014061   -0.163137   -1.043033    0.675177
   70.800000   -0.039354   -0.339491   -0.966494    0.852540
   70.900000   -0.081196   -0.493010   -0.873243    1.008419
   71.000000   -0.136986   -0.617506   -0.765715    1.137237
   71.100000   -0.203558   -0.707918   -0.646853    1.234430
   71.200000   -0.277305   -0.760503   -0.519999    1.296615
   71.300000   -0.354318   -0.772985   -0.388769    1.321725
   71.400000   -0.430536   -0.744636   -0.256917    1.309083
   71.500000   -0.501908   -0.676307   -0.128191    1.259426
   71.600000   -0.564541   -0.570398   -0.006198    1.174881
   71.700000   -0.614859   -0.430764    0.105734    1.058881
   71.800000   -0.649738   -0.262567    0.204680    0.916033
   71.900000   -0.666627   -0.072086    0.288230    0.751941
   72.000000   -0.663649    0.133532    0.354572    0.572998
   72.100000   -0.639673    0.346535    0.402564    0.386132
   72.200000   -0.594364    0.558868    0.431774    0.198550
   72.300000   -0.528191    0.762477    0.442491    0.017460
   72.400000   -0.442419    0.949617    0.435714   -0.150206
   72.500000   -0.339057    1.113148    0.413112   -0.298052
   72.600000   -0.220788    1.246805    0.376954   -0.420469
   72.700000   -0.090866    1.345442    0.330023   -0.512839
   72.800000    0.047002    1.405222    0.275506   -0.571722
   72.900000    0.188799    1.423769    0.216870   -0.594979
   73.000000    0.330349    1.400255    0.157726   -0.581856
   73.100000    0.467469    1.335435    0.101693   -0.533014
   73.200000    0.596132    1.231615    0.052250   -0.450501
   73.300000    0.712614    1.092567    0.012607   -0.337674
   73.400000    0.813637    0.923386   -0.014423   -0.199075
   73.500000    0.896491    0.730293   -0.026531   -0.040248
   73.600000    0.959134    0.520399   -0.022008    0.132463
   73.700000    1.000268    0.301438    0.000195    0.312164
   73.800000    1.019387    0.081467    0.040419    0.491669
   73.900000    1.016797   -0.131438    0.098282    0.663780
   74.000000    0.993596   -0.329489    0.172696    0.821557
   74.100000    0.951636   -0.505484    0.261900    0.958588
   74.200000    0.893449   -0.653079    0.363532    1.069232
   74.300000    0.822145   -0.767032    0.474709    1.148836
   74.400000    0.741299   -0.843400    0.592144    1.193909
   74.500000    0.654805   -0.879690    0.712263    1.202265
   74.600000    0.566733   -0.874953    0.831343    1.173099
   74.700000    0.481166   -0.829818    0.945649    1.107022
   74.800000    0.402047   -0.746471    1.051580    1.006038
   74.900000    0.333028   -0.628564    1.145800    0.873469
   75.000000    0.277324   -0.481083    1.225368    0.713829
   75.100000    0.237596   -0.310149    1.287846    0.532655
   75.200000    0.215843   -0.122791    1.331391    0.336290
   75.300000    0.213331    0.073329    1.354827    0.131651
   75.400000    0.230535    0.270207    1.357685   -0.074039
   75.500000    0.267129    0.459804    1.340226   -0.273525
   75.600000    0.321993    0.634350    1.303422   -0.459796
   75.700000    0.393256    0.786648    1.248926   -0.626349
   75.800000    0.478366    0.910344    1.179003   -0.767436
   75.900000    0.574192    1.000173    1.096449   -0.878287
   76.000000    0.677136    1.052161    1.004478   -0.955284
   76.100000    0.783274    1.063776    0.906602   -0.996103
   76.200000    0.888508    1.034026    0.806499   -0.999799
   76.300000    0.988716    0.963500    0.707868   -0.966841
   76.400000    1.079916    0.854344    0.614294   -0.899094
   76.500000    1.158414    0.710182    0.529106   -0.799746
   76.600000    1.220947    0.535977    0.455255   -0.673186
   76.700000    1.264809    0.337844    0.395198   -0.524834
   76.800000    1.287951    0.122817    0.350808   -0.360934
   76.900000    1.289064   -0.101416    0.323303   -0.188316
   77.000000    1.267628   -0.326810    0.313198   -0.014130
   77.100000    1.223933   -0.545265    0.320289    0.154421
   77.200000    1.159069   -0.748935    0.343661    0.310363
   77.300000    1.074884   -0.930528    0.381723    0.447216
   77.400000    0.973918   -1.083579    0.432274    0.559240
   77.500000    0.859303   -1.202701    0.492582    0.641659
   77.600000    0.734649   -1.283788    0.559494    0.690839
   77.700000    0.603906   -1.324168    0.629560    0.704435
   77.800000    0.471214   -1.322708    0.699159    0.681473
   77.900000    0.340749   -1.279853    0.764646    0.622393
   78.000000    0.216561   -1.197611    0.822491    0.529032
   78.100000    0.102427   -1.079475    0.869412    0.404556
   78.200000    0.001705   -0.930289    0.902508    0.253337
   78.300000   -0.082793   -0.756060    0.919366    0.080788
   78.400000   -0.148902   -0.563734    0.918160   -0.106841
   78.500000   -0.195189   -0.360925    0.897722   -0.302701
   78.600000   -0.221003   -0.155625    0.857585   -0.499609
   78.700000   -0.226500    0.044098    0.798007   -0.690315
   78.800000   -0.212632    0.230410    0.719964   -0.867783
   78.900000   -0.181110    0.396015    0.625112   -1.025458
   79.000000   -0.134338    0.534424    0.515729   -1.157512
   79.100000   -0.075316    0.640213    0.394629   -1.259072
   79.200000   -0.007525    0.709221    0.265059   -1.326401
   79.300000    0.065207    0.738718    0.130575   -1.357042
   79.400000    0.138857    0.727502   -0.005087   -1.349911
   79.500000    0.209359    0.675948   -0.138155   -1.305338
   79.600000    0.272762    0.585994   -0.264960   -1.225057
   79.700000    0.325388    0.461068   -0.382075   -1.112135
   79.800000    0.363966    0.305952   -0.486439   -0.970858
   79.900000    0.385768    0.126609   -0.575477   -0.806569
   80.000000    0.388708   -0.070055   -0.647190   -0.625460
   80.100000    0.371431   -0.276447   -0.700233   -0.434339
   80.200000    0.333360   -0.484581   -0.733962   -0.240371
   80.300000    0.274726   -0.686379   -0.748454   -0.050802
   80.400000    0.196558   -0.873983   -0.744505    0.127315
   80.500000    0.100649   -1.040056   -0.723594    0.287389
   80.600000   -0.010514   -1.178057   -0.687827    0.423541
   80.700000   -0.133840   -1.282494   -0.639851    0.530831
   80.800000   -0.265750   -1.349137   -0.582754    0.605443
   80.900000   -0.402310   -1.375173   -0.519940    0.644832
   81.000000   -0.539384   -1.359320   -0.455004    0.647818
   81.100000   -0.672783   -1.301873   -0.391586    0.614634
   81.200000   -0.798430   -1.204694   -0.333233    0.546912
   81.300000   -0.912506   -1.071144   -0.283260    0.447624
   81.400000   -1.011600   -0.905949   -0.244623    0.320967
   81.500000   -1.092835   -0.715030   -0.219806    0.172200
   81.600000   -1.153976   -0.505270   -0.210719    0.007445
   81.700000   -1.193512   -0.284253   -0.218626   -0.166549
   81.800000   -1.210717   -0.059980   -0.244100   -0.342662
   81.900000   -1.205670    0.159438   -0.286989   -0.513679
   82.000000   -1.179256    0.366090   -0.346430   -0.672564
   82.100000   -1.133127    0.552565   -0.420876   -0.812730
   82.200000   -1.069639    0.712232   -0.508154   -0.928288
   82.300000   -0.991764    0.839495   -0.605545   -1.014281
   82.400000   -0.902969    0.930002   -0.709893   -1.066864
   82.500000   -0.807091    0.980815   -0.817715   -1.083458
   82.600000   -0.708181    0.990515   -0.925340   -1.062850
   82.700000   -0.610357    0.959261   -1.029047   -1.005235
   82.800000   -0.517641    0.888778   -1.125203   -0.912216
   82.900000   -0.433805    0.782295   -1.210405   -0.786739
   83.000000   -0.362232    0.644415   -1.281605   -0.632985
   83.100000   -0.305778    0.480946   -1.336232   -0.456209
   83.200000   -0.266672    0.298669   -1.372282   -0.262544
   83.300000   -0.246423    0.105088   -1.388402   -0.058765
   83.400000   -0.245768   -0.091866   -1.383936    0.147966
   83.500000   -0.264640   -0.284130   -1.358953    0.350375
   83.600000   -0.302174   -0.463827   -1.314243    0.541349
   83.700000   -0.356738   -0.623560   -1.251289    0.714207
   83.800000   -0.425997   -0.756697   -1.172208    0.862955
   83.900000   -0.507001   -0.857629   -1.079674    0.982513
   84.000000   -0.596300   -0.921978   -0.976814    1.068907
   84.100000   -0.690074   -0.946773   -0.867092    1.119420
   84.200000   -0.784283   -0.930556   -0.754175    1.132696
   84.300000   -0.874818   -0.873446   -0.641796    1.108787
   84.400000   -0.957661   -0.777131   -0.533612    1.049154
   84.500000   -1.029039   -0.644805   -0.433066    0.956606
   84.600000   -1.085570   -0.481048   -0.343256    0.835196
   84.700000   -1.124391   -0.291654   -0.266820    0.690064
   84.800000   -1.143270   -0.083405   -0.205835    0.527238
   84.900000   -1.140693    0.136179   -0.161741    0.353405
   85.000000   -1.115921    0.359134   -0.135286    0.175657
   85.100000   -1.069024    0.577349   -0.126500    0.001214
   85.200000   -1.000875    0.782877   -0.134696   -0.162848
   85.300000   -0.913123    0.968238   -0.158500   -0.309868
   85.400000   -0.808127    1.126703   -0.195900   -0.433855
   85.500000   -0.688872    1.252549   -0.244330   -0.529719
   85.600000   -0.558858    1.341279   -0.300770   -0.593466
   85.700000   -0.421961    1.389792   -0.361858   -0.622346
   85.800000   -0.282297    1.396499   -0.424026   -0.614966
   85.900000   -0.144060    1.361386   -0.483639   -0.571337
   86.000000   -0.011366    1.286011   -0.537129   -0.492879
   86.100000    0.111899    1.173448   -0.581142   -0.382363
   86.200000    0.222229    1.028165   -0.612664   -0.243812
   86.300000    0.316628    0.855858   -0.629138   -0.082339
   86.400000    0.392721    0.663228   -0.628566    0.096040
   86.500000    0.448843    0.457730   -0.609587    0.284639
   86.600000    0.484101    0.247286   -0.571533    0.476354
   86.700000    0.498405    0.039982   -0.514454    0.663939
   86.800000    0.492467   -0.156238   -0.439121    0.840276
   86.900000    0.467778   -0.333878   -0.346999    0.998652
   87.000000    0.426539   -0.486174   -0.240193    1.133011
   87.100000    0.371583   -0.607352   -0.121372    1.238187
   87.200000    0.306262   -0.692850    0.006332    1.310099
   87.300000    0.234313   -0.739491    0.139440    1.345913
   87.400000    0.159719   -0.745602    0.274258    1.344141
   87.500000    0.086551   -0.711080    0.407009    1.304706
   87.600000    0.018812   -0.637397    0.533984    1.228940
   87.700000   -0.039718   -0.527540    0.651673    1.119537
   87.800000   -0.085632   -0.385897    0.756899    0.980449
   87.900000   -0.116023   -0.218094    0.846939    0.816734
   88.000000   -0.128598   -0.030773    0.919622    0.634368
   88.100000   -0.121772    0.168656    0.973411    0.440013
   88.200000   -0.094725    0.372301    1.007460    0.240766
   88.300000   -0.047440    0.572089    1.021643    0.043887
   88.400000    0.019298    0.760075    1.016556   -0.143473
   88.500000    0.103929    0.928745    0.993493   -0.314552
   88.600000    0.204175    1.071304    0.954394   -0.463226
   88.700000    0.317123    1.181935    0.901772   -0.584245
   88.800000    0.439340    1.256021    0.838609   -0.673437
   88.900000    0.566997    1.290326    0.768247   -0.727856
   89.000000    0.696017    1.283112    0.694254   -0.745906
   89.100000    0.822226    1.234215    0.620289   -0.727390
   89.200000    0.941513    1.145044    0.549958   -0.673523
   89.300000    1.049986    1.018532    0.486680   -0.586884
   89.400000    1.144116    0.859026    0.433549   -0.471312
   89.500000    1.220874    0.672118    0.393220   -0.331766
   89.600000    1.277844    0.464438    0.367801   -0.174130
   89.700000    1.313315    0.243397    0.358779   -0.004986
   89.800000    1.326341    0.016909    0.366954    0.168634
   89.900000    1.316785   -0.206912    0.392415    0.339518
   90.000000    1.285315   -0.420061    0.434529    0.500554
   90.100000    1.233384   -0.614944    0.491971    0.644998
   90.200000    1.163168   -0.784668    0.562770    0.766736
   90.300000    1.077489   -0.923305    0.644384    0.860513
   90.400000    0.979705   -1.026112    0.733798    0.922142
   90.500000    0.873577   -1.089717    0.827638    0.948660
   90.600000    0.763135   -1.112241    0.922301    0.938443
   90.700000    0.652513   -1.093373    1.014091    0.891268
   90.800000    0.545802   -1.034378    1.099359    0.808326
   90.900000    0.446886   -0.938049    1.174645    0.692176
   91.000000    0.359300   -0.808600    1.236811    0.546646
   91.100000    0.286091   -0.651502    1.283158    0.376693
   91.200000    0.229706   -0.473277    1.311530    0.188210
   91.300000    0.191898   -0.281242    1.320401   -0.012193
   91.400000    0.173658   -0.083236    1.308929   -0.217444
   91.500000    0.175181    0.112683    1.276992   -0.420275
   91.600000    0.195859    0.298549    1.225195   -0.613500
   91.700000    0.234302    0.466788    1.154842   -0.790286
   91.800000    0.288397    0.610512    1.067895   -0.944417
   91.900000    0.355386    0.723781    0.966895   -1.070523
   92.000000    0.431976    0.801827    0.854871   -1.164291
   92.100000    0.514460    0.841244    0.735222   -1.222624
   92.200000    0.598869    0.840114    0.611590   -1.243761
   92.300000    0.681115    0.798080    0.487725   -1.227340
   92.400000    0.757157    0.716363    0.367343   -1.174416
   92.500000    0.823153    0.597716    0.253982   -1.087414
   92.600000    0.875605    0.446318    0.150876   -0.970042
   92.700000    0.911503    0.267616    0.060827   -0.827142
   92.800000    0.928433    0.068120   -0.013893   -0.664511
   92.900000    0.924676   -0.144850   -0.071633   -0.488674
   93.000000    0.899274   -0.363436   -0.111420   -0.306639
   93.100000    0.852071   -0.579548   -0.132995   -0.125626
   93.200000    0.783715   -0.785166   -0.136818    0.047208
   93.300000    0.695643   -0.972651   -0.124054    0.205044
   93.400000    0.590024   -1.135031   -0.096519    0.341657
   93.500000    0.469678   -1.266271   -0.056613    0.451659
   93.600000    0.337974   -1.361500   -0.007222    0.530703
   93.700000    0.198700   -1.417196    0.048388    0.575647
   93.800000    0.055924   -1.431325    0.106706    0.584679
   93.900000   -0.086159   -1.403413    0.164109    0.557381
   94.000000   -0.223390   -1.334566    0.217001    0.494748
   94.100000   -0.351792   -1.227428    0.261956    0.399149
   94.200000   -0.467731   -1.086080    0.295850    0.274238
   94.300000   -0.568043   -0.915884    0.315983    0.124814
   94.400000   -0.650158   -0.723278    0.320185   -0.043363
   94.500000   -0.712192   -0.515534    0.306901   -0.223791
   94.600000   -0.753020   -0.300475    0.275251   -0.409475
   94.700000   -0.772312   -0.086180    0.225071   -0.593192
   94.800000   -0.770550    0.119323    0.156918   -0.767769
   94.900000   -0.748998    0.308364    0.072051   -0.926357
   95.000000   -0.709662    0.473926   -0.027610   -1.062690
   95.100000   -0.655202    0.609907   -0.139561   -1.171329
   95.200000   -0.588835    0.711356   -0.260802   -1.247864
   95.300000   -0.514206    0.774662   -0.387953   -1.289088
   95.400000   -0.435249    0.797688   -0.517376   -1.293117
   95.500000   -0.356035    0.779855   -0.645316   -1.259464
   95.600000   -0.280611    0.722161   -0.768040   -1.189057
   95.700000   -0.212851    0.627146   -0.881976   -1.084204
   95.800000   -0.156297    0.498790   -0.983849   -0.948507
   95.900000   -0.114032    0.342363   -1.070805   -0.786726
   96.000000   -0.088551    0.164224   -1.140514   -0.604595
   96.100000   -0.081672   -0.028423   -1.191260   -0.408607
   96.200000   -0.094461   -0.227807   -1.222006   -0.205766
   96.300000   -0.127191   -0.425885   -1.232426   -0.003321
   96.400000   -0.179327   -0.614648   -1.222924    0.191509
   96.500000   -0.249553   -0.786430   -1.194610    0.371812
   96.600000   -0.335811   -0.934202   -1.149259    0.531242
   96.700000   -0.435386   -1.051838   -1.089244    0.664263
   96.800000   -0.545004   -1.134351   -1.017441    0.766357
   96.900000   -0.660960   -1.178087   -0.937118    0.834197
   97.000000   -0.779252   -1.180859   -0.851814    0.865773
   97.100000   -0.895741   -1.142038   -0.765197    0.860464
   97.200000   -1.006300   -1.062574   -0.680928    0.819068
   97.300000   -1.106980   -0.944962   -0.602518    0.743761
   97.400000   -1.194149   -0.793148   -0.533194    0.638020
   97.500000   -1.264641   -0.612379   -0.475776    0.506487
   97.600000   -1.315869   -0.409005   -0.432571    0.354790
   97.700000   -1.345927   -0.190234   -0.405279    0.189328
   97.800000   -1.353661    0.036135   -0.394934    0.017026
   97.900000   -1.338715    0.262015   -0.401863   -0.154932
   98.000000   -1.301544    0.479336   -0.425670   -0.319376
   98.100000   -1.243393    0.680352   -0.465257   -0.469425
   98.200000   -1.166257    0.857932   -0.518862   -0.598754
   98.300000   -1.072799    1.005839   -0.584130   -0.701831
   98.400000   -0.966252    1.118959   -0.658200   -0.774132
   98.500000   -0.850296    1.193500   -0.737816   -0.812317
   98.600000   -0.728920    1.227133   -0.819454   -0.814354
   98.700000   -0.606264    1.219080   -0.899457   -0.779601
   98.800000   -0.486471    1.170146   -0.974170   -0.708828
   98.900000   -0.373523    1.082682   -1.040090   -0.604193
   99.000000   -0.271095    0.960500   -1.093992   -0.469159
   99.100000   -0.182413    0.808721   -1.133060   -0.308361
   99.200000   -0.110133    0.633585   -1.154991   -0.127433
   99.300000   -0.056240    0.442207   -1.158087    0.067209
   99.400000   -0.021976    0.242306   -1.141323    0.268608
   99.500000   -0.007795    0.041912   -1.104381    0.469531
   99.600000   -0.013342   -0.150944   -1.047674    0.662746
   99.700000   -0.037474   -0.328535   -0.972322    0.841294
   99.800000   -0.078301   -0.483735   -0.880120    0.998758
   99.900000   -0.133263   -0.610290   -0.773464    1.129503
  100.000000   -0.199229   -0.703060   -0.655267    1.228891
